123456789
987654321
7452169
75412369
75421
78523
74523
74523
7842596
754128639
754128639
135467289
72614835
72614835
72614835
72614835
72614835
4276513
4276513
4276513
4276513
5647812
5647812
5647812
582376149
582376149
582376149
582376149
582376149
582376149
126853749
126853749
126853749
126853749
126853749
134728569
75491
754621839
75461
6735241
6735241
6735241
6735241
6735241
6735241
6735241
895246371
895246371
98643
98643
74218569
74218569
